0.000000 0.000000 0.000000
1.000000 0.010010 0.000055
2.000000 0.020020 0.000222
3.000000 0.030030 0.000502
4.000000 0.040040 0.000897
5.000000 0.050050 0.001409
6.000000 0.060060 0.002040
7.000000 0.070070 0.002790
8.000000 0.080080 0.003663
9.000000 0.090090 0.004659
10.000000 0.100100 0.005783
11.000000 0.110110 0.007012
12.000000 0.120120 0.008361
13.000000 0.130130 0.009830
14.000000 0.140140 0.011420
15.000000 0.150150 0.013131
16.000000 0.160160 0.014962
17.000000 0.170170 0.016915
18.000000 0.180180 0.018991
19.000000 0.190190 0.021190
20.000000 0.200200 0.023519
21.000000 0.210210 0.025904
22.000000 0.220220 0.028398
23.000000 0.230230 0.031001
24.000000 0.240240 0.033711
25.000000 0.250250 0.036528
26.000000 0.260260 0.039451
27.000000 0.270270 0.042481
28.000000 0.280280 0.045618
29.000000 0.290290 0.048868
30.000000 0.300300 0.052236
31.000000 0.310310 0.055591
32.000000 0.320320 0.059035
33.000000 0.330330 0.062566
34.000000 0.340340 0.066185
35.000000 0.350350 0.069891
36.000000 0.360360 0.073683
37.000000 0.370370 0.077563
38.000000 0.380380 0.081534
39.000000 0.390390 0.085603
40.000000 0.400400 0.089777
41.000000 0.410410 0.093862
42.000000 0.420420 0.098013
43.000000 0.430430 0.102232
44.000000 0.440440 0.106517
45.000000 0.450450 0.110866
46.000000 0.460460 0.115283
47.000000 0.470470 0.119767
48.000000 0.480480 0.124322
49.000000 0.490490 0.128960
50.000000 0.500501 0.133687
51.000000 0.510511 0.138254
52.000000 0.520521 0.142867
53.000000 0.530531 0.147525
54.000000 0.540541 0.152226
55.000000 0.550551 0.156971
56.000000 0.560561 0.161763
57.000000 0.570571 0.166604
58.000000 0.580581 0.171498
59.000000 0.590591 0.176460
60.000000 0.600601 0.181490
61.000000 0.610611 0.186299
62.000000 0.620621 0.191134
63.000000 0.630631 0.195993
64.000000 0.640641 0.200876
65.000000 0.650651 0.205787
66.000000 0.660661 0.210725
67.000000 0.670671 0.215693
68.000000 0.680681 0.220701
69.000000 0.690691 0.225763
70.000000 0.700701 0.230872
71.000000 0.710711 0.235712
72.000000 0.720721 0.240558
73.000000 0.730731 0.245410
74.000000 0.740741 0.250272
75.000000 0.750751 0.255141
76.000000 0.760761 0.260022
77.000000 0.770771 0.264915
78.000000 0.780781 0.269829
79.000000 0.790791 0.274783
80.000000 0.800801 0.279755
81.000000 0.810811 0.284429
82.000000 0.820821 0.289092
83.000000 0.830831 0.293742
84.000000 0.840841 0.298381
85.000000 0.850851 0.303011
86.000000 0.860861 0.307632
87.000000 0.870871 0.312249
88.000000 0.880881 0.316871
89.000000 0.890891 0.321518
90.000000 0.900901 0.326155
91.000000 0.910911 0.330478
92.000000 0.920921 0.334773
93.000000 0.930931 0.339041
94.000000 0.940941 0.343279
95.000000 0.950951 0.347488
96.000000 0.960961 0.351673
97.000000 0.970971 0.355841
98.000000 0.980981 0.360001
99.000000 0.990991 0.364166
100.000000 1.001001 0.368293
101.000000 1.011011 0.372108
102.000000 1.021021 0.375878
103.000000 1.031031 0.379603
104.000000 1.041041 0.383287
105.000000 1.051051 0.386929
106.000000 1.061061 0.390533
107.000000 1.071071 0.394103
108.000000 1.081081 0.397646
109.000000 1.091091 0.401177
110.000000 1.101101 0.404647
111.000000 1.111111 0.407823
112.000000 1.121121 0.410942
113.000000 1.131131 0.414005
114.000000 1.141141 0.417013
115.000000 1.151151 0.419966
116.000000 1.161161 0.422866
117.000000 1.171171 0.425721
118.000000 1.181181 0.428539
119.000000 1.191191 0.431326
120.000000 1.201201 0.434034
121.000000 1.211211 0.436480
122.000000 1.221221 0.438859
123.000000 1.231231 0.441172
124.000000 1.241241 0.443421
125.000000 1.251251 0.445606
126.000000 1.261261 0.447730
127.000000 1.271271 0.449800
128.000000 1.281281 0.451821
129.000000 1.291291 0.453796
130.000000 1.301301 0.455684
131.000000 1.311311 0.457346
132.000000 1.321321 0.458938
133.000000 1.331331 0.460459
134.000000 1.341341 0.461908
135.000000 1.351351 0.463288
136.000000 1.361361 0.464602
137.000000 1.371371 0.465856
138.000000 1.381381 0.467053
139.000000 1.391391 0.468189
140.000000 1.401401 0.469236
141.000000 1.411411 0.470105
142.000000 1.421421 0.470899
143.000000 1.431431 0.471619
144.000000 1.441441 0.472266
145.000000 1.451451 0.472841
146.000000 1.461461 0.473349
147.000000 1.471471 0.473792
148.000000 1.481481 0.474174
149.000000 1.491491 0.474486
150.000000 1.501502 0.474708
151.000000 1.511512 0.474804
152.000000 1.521522 0.474825
153.000000 1.531532 0.474772
154.000000 1.541542 0.474648
155.000000 1.551552 0.474455
156.000000 1.561562 0.474193
157.000000 1.571572 0.473864
158.000000 1.581582 0.473474
159.000000 1.591592 0.473009
160.000000 1.601602 0.472462
161.000000 1.611612 0.471837
162.000000 1.621622 0.471142
163.000000 1.631632 0.470379
164.000000 1.641642 0.469547
165.000000 1.651652 0.468649
166.000000 1.661662 0.467685
167.000000 1.671672 0.466658
168.000000 1.681682 0.465569
169.000000 1.691692 0.464408
170.000000 1.701702 0.463177
171.000000 1.711712 0.461914
172.000000 1.721722 0.460588
173.000000 1.731732 0.459199
174.000000 1.741742 0.457749
175.000000 1.751752 0.456238
176.000000 1.761762 0.454668
177.000000 1.771772 0.453039
178.000000 1.781782 0.451351
179.000000 1.791792 0.449599
180.000000 1.801802 0.447789
181.000000 1.811812 0.445990
182.000000 1.821822 0.444137
183.000000 1.831832 0.442230
184.000000 1.841842 0.440268
185.000000 1.851852 0.438254
186.000000 1.861862 0.436188
187.000000 1.871872 0.434071
188.000000 1.881882 0.431903
189.000000 1.891892 0.429679
190.000000 1.901902 0.427412
191.000000 1.911912 0.425192
192.000000 1.921922 0.422926
193.000000 1.931932 0.420616
194.000000 1.941942 0.418263
195.000000 1.951952 0.415866
196.000000 1.961962 0.413425
197.000000 1.971972 0.410942
198.000000 1.981982 0.408414
199.000000 1.991992 0.405845
200.000000 2.002002 0.403246
201.000000 2.012012 0.400723
202.000000 2.022022 0.398165
203.000000 2.032032 0.395572
204.000000 2.042042 0.392943
205.000000 2.052052 0.390281
206.000000 2.062062 0.387585
207.000000 2.072072 0.384856
208.000000 2.082082 0.382094
209.000000 2.092092 0.379301
210.000000 2.102102 0.376491
211.000000 2.112112 0.373778
212.000000 2.122122 0.371039
213.000000 2.132132 0.368275
214.000000 2.142142 0.365486
215.000000 2.152152 0.362673
216.000000 2.162162 0.359834
217.000000 2.172172 0.356971
218.000000 2.182182 0.354087
219.000000 2.192192 0.351181
220.000000 2.202202 0.348270
221.000000 2.212212 0.345471
222.000000 2.222222 0.342654
223.000000 2.232232 0.339820
224.000000 2.242242 0.336971
225.000000 2.252252 0.334104
226.000000 2.262262 0.331221
227.000000 2.272272 0.328323
228.000000 2.282282 0.325414
229.000000 2.292292 0.322492
230.000000 2.302302 0.319574
231.000000 2.312312 0.316774
232.000000 2.322322 0.313965
233.000000 2.332332 0.311148
234.000000 2.342342 0.308321
235.000000 2.352352 0.305484
236.000000 2.362362 0.302638
237.000000 2.372372 0.299786
238.000000 2.382382 0.296929
239.000000 2.392392 0.294067
240.000000 2.402402 0.291218
241.000000 2.412412 0.288488
242.000000 2.422422 0.285756
243.000000 2.432432 0.283020
244.000000 2.442442 0.280282
245.000000 2.452452 0.277539
246.000000 2.462462 0.274793
247.000000 2.472472 0.272047
248.000000 2.482482 0.269304
249.000000 2.492492 0.266561
250.000000 2.502503 0.263836
251.000000 2.512513 0.261229
252.000000 2.522523 0.258622
253.000000 2.532533 0.256018
254.000000 2.542543 0.253414
255.000000 2.552553 0.250812
256.000000 2.562563 0.248211
257.000000 2.572573 0.245617
258.000000 2.582583 0.243028
259.000000 2.592593 0.240444
260.000000 2.602603 0.237882
261.000000 2.612613 0.235431
262.000000 2.622623 0.232985
263.000000 2.632633 0.230544
264.000000 2.642643 0.228108
265.000000 2.652653 0.225675
266.000000 2.662663 0.223250
267.000000 2.672673 0.220833
268.000000 2.682683 0.218425
269.000000 2.692693 0.216026
270.000000 2.702703 0.213649
271.000000 2.712713 0.211376
272.000000 2.722723 0.209110
273.000000 2.732733 0.206852
274.000000 2.742743 0.204601
275.000000 2.752753 0.202356
276.000000 2.762763 0.200121
277.000000 2.772773 0.197896
278.000000 2.782783 0.195682
279.000000 2.792793 0.193478
280.000000 2.802803 0.191298
281.000000 2.812813 0.189213
282.000000 2.822823 0.187137
283.000000 2.832833 0.185070
284.000000 2.842843 0.183009
285.000000 2.852853 0.180958
286.000000 2.862863 0.178919
287.000000 2.872873 0.176891
288.000000 2.882883 0.174874
289.000000 2.892893 0.172869
290.000000 2.902903 0.170887
291.000000 2.912913 0.168991
292.000000 2.922923 0.167104
293.000000 2.932933 0.165226
294.000000 2.942943 0.163357
295.000000 2.952953 0.161499
296.000000 2.962963 0.159653
297.000000 2.972973 0.157818
298.000000 2.982983 0.155995
299.000000 2.992993 0.154183
300.000000 3.003003 0.152394
301.000000 3.013013 0.150682
302.000000 3.023023 0.148979
303.000000 3.033033 0.147285
304.000000 3.043043 0.145601
305.000000 3.053053 0.143928
306.000000 3.063063 0.142267
307.000000 3.073073 0.140618
308.000000 3.083083 0.138979
309.000000 3.093093 0.137352
310.000000 3.103103 0.135746
311.000000 3.113113 0.134208
312.000000 3.123123 0.132680
313.000000 3.133133 0.131160
314.000000 3.143143 0.129651
315.000000 3.153153 0.128152
316.000000 3.163163 0.126665
317.000000 3.173173 0.125189
318.000000 3.183183 0.123724
319.000000 3.193193 0.122269
320.000000 3.203203 0.120834
321.000000 3.213213 0.119458
322.000000 3.223223 0.118092
323.000000 3.233233 0.116734
324.000000 3.243243 0.115386
325.000000 3.253253 0.114050
326.000000 3.263263 0.112723
327.000000 3.273273 0.111407
328.000000 3.283283 0.110101
329.000000 3.293293 0.108805
330.000000 3.303303 0.107526
331.000000 3.313313 0.106300
332.000000 3.323323 0.105082
333.000000 3.333333 0.103874
334.000000 3.343343 0.102675
335.000000 3.353353 0.101485
336.000000 3.363363 0.100306
337.000000 3.373373 0.099135
338.000000 3.383383 0.097974
339.000000 3.393393 0.096822
340.000000 3.403403 0.095686
341.000000 3.413413 0.094595
342.000000 3.423423 0.093513
343.000000 3.433433 0.092439
344.000000 3.443443 0.091375
345.000000 3.453453 0.090319
346.000000 3.463463 0.089272
347.000000 3.473473 0.088233
348.000000 3.483483 0.087202
349.000000 3.493493 0.086180
350.000000 3.503504 0.085172
351.000000 3.513514 0.084205
352.000000 3.523524 0.083244
353.000000 3.533534 0.082292
354.000000 3.543544 0.081348
355.000000 3.553554 0.080412
356.000000 3.563564 0.079484
357.000000 3.573574 0.078564
358.000000 3.583584 0.077650
359.000000 3.593594 0.076744
360.000000 3.603604 0.075852
361.000000 3.613614 0.074994
362.000000 3.623624 0.074143
363.000000 3.633634 0.073299
364.000000 3.643644 0.072463
365.000000 3.653654 0.071634
366.000000 3.663664 0.070812
367.000000 3.673674 0.069997
368.000000 3.683684 0.069188
369.000000 3.693694 0.068386
370.000000 3.703704 0.067596
371.000000 3.713714 0.066836
372.000000 3.723724 0.066082
373.000000 3.733734 0.065336
374.000000 3.743744 0.064596
375.000000 3.753754 0.063862
376.000000 3.763764 0.063134
377.000000 3.773774 0.062412
378.000000 3.783784 0.061697
379.000000 3.793794 0.060986
380.000000 3.803804 0.060287
381.000000 3.813814 0.059614
382.000000 3.823824 0.058948
383.000000 3.833834 0.058287
384.000000 3.843844 0.057631
385.000000 3.853854 0.056982
386.000000 3.863864 0.056338
387.000000 3.873874 0.055699
388.000000 3.883884 0.055065
389.000000 3.893894 0.054437
390.000000 3.903904 0.053818
391.000000 3.913914 0.053222
392.000000 3.923924 0.052632
393.000000 3.933934 0.052047
394.000000 3.943944 0.051467
395.000000 3.953954 0.050892
396.000000 3.963964 0.050322
397.000000 3.973974 0.049756
398.000000 3.983984 0.049195
399.000000 3.993994 0.048638
400.000000 4.004004 0.048091
401.000000 4.014014 0.047564
402.000000 4.024024 0.047041
403.000000 4.034034 0.046523
404.000000 4.044044 0.046009
405.000000 4.054054 0.045500
406.000000 4.064064 0.044995
407.000000 4.074074 0.044494
408.000000 4.084084 0.043997
409.000000 4.094094 0.043504
410.000000 4.104104 0.043019
411.000000 4.114114 0.042552
412.000000 4.124124 0.042089
413.000000 4.134134 0.041630
414.000000 4.144144 0.041175
415.000000 4.154154 0.040724
416.000000 4.164164 0.040276
417.000000 4.174174 0.039832
418.000000 4.184184 0.039392
419.000000 4.194194 0.038955
420.000000 4.204204 0.038526
421.000000 4.214214 0.038112
422.000000 4.224224 0.037701
423.000000 4.234234 0.037294
424.000000 4.244244 0.036891
425.000000 4.254254 0.036490
426.000000 4.264264 0.036093
427.000000 4.274274 0.035700
428.000000 4.284284 0.035309
429.000000 4.294294 0.034922
430.000000 4.304304 0.034542
431.000000 4.314314 0.034174
432.000000 4.324324 0.033810
433.000000 4.334334 0.033449
434.000000 4.344344 0.033091
435.000000 4.354354 0.032735
436.000000 4.364364 0.032383
437.000000 4.374374 0.032033
438.000000 4.384384 0.031687
439.000000 4.394394 0.031344
440.000000 4.404404 0.031006
441.000000 4.414414 0.030680
442.000000 4.424424 0.030356
443.000000 4.434434 0.030035
444.000000 4.444444 0.029717
445.000000 4.454454 0.029401
446.000000 4.464464 0.029088
447.000000 4.474474 0.028778
448.000000 4.484484 0.028470
449.000000 4.494494 0.028165
450.000000 4.504505 0.027865
451.000000 4.514515 0.027575
452.000000 4.524525 0.027287
453.000000 4.534535 0.027002
454.000000 4.544545 0.026719
455.000000 4.554555 0.026438
456.000000 4.564565 0.026160
457.000000 4.574575 0.025884
458.000000 4.584585 0.025611
459.000000 4.594595 0.025340
460.000000 4.604605 0.025073
461.000000 4.614615 0.024814
462.000000 4.624625 0.024558
463.000000 4.634635 0.024304
464.000000 4.644645 0.024053
465.000000 4.654655 0.023803
466.000000 4.664665 0.023555
467.000000 4.674675 0.023309
468.000000 4.684685 0.023066
469.000000 4.694695 0.022825
470.000000 4.704705 0.022587
471.000000 4.714715 0.022357
472.000000 4.724725 0.022129
473.000000 4.734735 0.021903
474.000000 4.744745 0.021678
475.000000 4.754755 0.021455
476.000000 4.764765 0.021235
477.000000 4.774775 0.021016
478.000000 4.784785 0.020799
479.000000 4.794795 0.020584
480.000000 4.804805 0.020372
481.000000 4.814815 0.020167
482.000000 4.824825 0.019964
483.000000 4.834835 0.019762
484.000000 4.844845 0.019561
485.000000 4.854855 0.019363
486.000000 4.864865 0.019166
487.000000 4.874875 0.018971
488.000000 4.884885 0.018777
489.000000 4.894895 0.018585
490.000000 4.904905 0.018396
491.000000 4.914915 0.018213
492.000000 4.924925 0.018031
493.000000 4.934935 0.017851
494.000000 4.944945 0.017672
495.000000 4.954955 0.017495
496.000000 4.964965 0.017319
497.000000 4.974975 0.017145
498.000000 4.984985 0.016972
499.000000 4.994995 0.016801
500.000000 5.005005 0.016621
501.000000 5.015015 0.016435
502.000000 5.025025 0.016251
503.000000 5.035035 0.016068
504.000000 5.045045 0.015888
505.000000 5.055055 0.015709
506.000000 5.065065 0.015533
507.000000 5.075075 0.015358
508.000000 5.085085 0.015185
509.000000 5.095095 0.015013
510.000000 5.105105 0.014845
511.000000 5.115115 0.014681
512.000000 5.125125 0.014519
513.000000 5.135135 0.014358
514.000000 5.145145 0.014199
515.000000 5.155155 0.014042
516.000000 5.165165 0.013886
517.000000 5.175175 0.013732
518.000000 5.185185 0.013579
519.000000 5.195195 0.013428
520.000000 5.205205 0.013279
521.000000 5.215215 0.013135
522.000000 5.225225 0.012991
523.000000 5.235235 0.012850
524.000000 5.245245 0.012709
525.000000 5.255255 0.012571
526.000000 5.265265 0.012433
527.000000 5.275275 0.012297
528.000000 5.285285 0.012162
529.000000 5.295295 0.012028
530.000000 5.305305 0.011897
531.000000 5.315315 0.011769
532.000000 5.325325 0.011642
533.000000 5.335335 0.011517
534.000000 5.345345 0.011393
535.000000 5.355355 0.011270
536.000000 5.365365 0.011149
537.000000 5.375375 0.011028
538.000000 5.385385 0.010909
539.000000 5.395395 0.010790
540.000000 5.405405 0.010674
541.000000 5.415415 0.010561
542.000000 5.425425 0.010449
543.000000 5.435435 0.010338
544.000000 5.445445 0.010228
545.000000 5.455455 0.010119
546.000000 5.465465 0.010011
547.000000 5.475475 0.009905
548.000000 5.485485 0.009799
549.000000 5.495495 0.009694
550.000000 5.505506 0.009591
551.000000 5.515516 0.009491
552.000000 5.525526 0.009391
553.000000 5.535536 0.009293
554.000000 5.545546 0.009195
555.000000 5.555556 0.009099
556.000000 5.565566 0.009003
557.000000 5.575576 0.008908
558.000000 5.585586 0.008814
559.000000 5.595596 0.008721
560.000000 5.605606 0.008630
561.000000 5.615616 0.008541
562.000000 5.625626 0.008452
563.000000 5.635636 0.008365
564.000000 5.645646 0.008278
565.000000 5.655656 0.008193
566.000000 5.665666 0.008108
567.000000 5.675676 0.008023
568.000000 5.685686 0.007940
569.000000 5.695696 0.007857
570.000000 5.705706 0.007776
571.000000 5.715716 0.007696
572.000000 5.725726 0.007618
573.000000 5.735736 0.007540
574.000000 5.745746 0.007463
575.000000 5.755756 0.007387
576.000000 5.765766 0.007311
577.000000 5.775776 0.007236
578.000000 5.785786 0.007162
579.000000 5.795796 0.007088
580.000000 5.805806 0.007016
581.000000 5.815816 0.006945
582.000000 5.825826 0.006875
583.000000 5.835836 0.006806
584.000000 5.845846 0.006737
585.000000 5.855856 0.006669
586.000000 5.865866 0.006601
587.000000 5.875876 0.006535
588.000000 5.885886 0.006468
589.000000 5.895896 0.006403
590.000000 5.905906 0.006338
591.000000 5.915916 0.006275
592.000000 5.925926 0.006213
593.000000 5.935936 0.006151
594.000000 5.945946 0.006089
595.000000 5.955956 0.006029
596.000000 5.965966 0.005968
597.000000 5.975976 0.005909
598.000000 5.985986 0.005850
599.000000 5.995996 0.005791
600.000000 6.006006 0.005733
601.000000 6.016016 0.005677
602.000000 6.026026 0.005621
603.000000 6.036036 0.005566
604.000000 6.046046 0.005511
605.000000 6.056056 0.005457
606.000000 6.066066 0.005403
607.000000 6.076076 0.005350
608.000000 6.086086 0.005297
609.000000 6.096096 0.005244
610.000000 6.106106 0.005193
611.000000 6.116116 0.005142
612.000000 6.126126 0.005092
613.000000 6.136136 0.005043
614.000000 6.146146 0.004994
615.000000 6.156156 0.004945
616.000000 6.166166 0.004897
617.000000 6.176176 0.004849
618.000000 6.186186 0.004802
619.000000 6.196196 0.004755
620.000000 6.206206 0.004709
621.000000 6.216216 0.004664
622.000000 6.226226 0.004619
623.000000 6.236236 0.004575
624.000000 6.246246 0.004531
625.000000 6.256256 0.004487
626.000000 6.266266 0.004444
627.000000 6.276276 0.004401
628.000000 6.286286 0.004359
629.000000 6.296296 0.004316
630.000000 6.306306 0.004275
631.000000 6.316316 0.004235
632.000000 6.326326 0.004194
633.000000 6.336336 0.004155
634.000000 6.346346 0.004115
635.000000 6.356356 0.004076
636.000000 6.366366 0.004037
637.000000 6.376376 0.003999
638.000000 6.386386 0.003961
639.000000 6.396396 0.003923
640.000000 6.406406 0.003886
641.000000 6.416416 0.003849
642.000000 6.426426 0.003813
643.000000 6.436436 0.003777
644.000000 6.446446 0.003742
645.000000 6.456456 0.003707
646.000000 6.466466 0.003672
647.000000 6.476476 0.003637
648.000000 6.486486 0.003603
649.000000 6.496496 0.003569
650.000000 6.506507 0.003536
651.000000 6.516517 0.003503
652.000000 6.526527 0.003471
653.000000 6.536537 0.003438
654.000000 6.546547 0.003407
655.000000 6.556557 0.003375
656.000000 6.566567 0.003344
657.000000 6.576577 0.003312
658.000000 6.586587 0.003282
659.000000 6.596597 0.003251
660.000000 6.606607 0.003221
661.000000 6.616617 0.003191
662.000000 6.626627 0.003162
663.000000 6.636637 0.003133
664.000000 6.646647 0.003104
665.000000 6.656657 0.003076
666.000000 6.666667 0.003048
667.000000 6.676677 0.003020
668.000000 6.686687 0.002992
669.000000 6.696697 0.002964
670.000000 6.706707 0.002937
671.000000 6.716717 0.002911
672.000000 6.726727 0.002884
673.000000 6.736737 0.002858
674.000000 6.746747 0.002832
675.000000 6.756757 0.002806
676.000000 6.766767 0.002781
677.000000 6.776777 0.002756
678.000000 6.786787 0.002731
679.000000 6.796797 0.002706
680.000000 6.806807 0.002681
681.000000 6.816817 0.002657
682.000000 6.826827 0.002633
683.000000 6.836837 0.002610
684.000000 6.846847 0.002586
685.000000 6.856857 0.002563
686.000000 6.866867 0.002540
687.000000 6.876877 0.002517
688.000000 6.886887 0.002495
689.000000 6.896897 0.002472
690.000000 6.906907 0.002450
691.000000 6.916917 0.002428
692.000000 6.926927 0.002407
693.000000 6.936937 0.002386
694.000000 6.946947 0.002364
695.000000 6.956957 0.002343
696.000000 6.966967 0.002323
697.000000 6.976977 0.002302
698.000000 6.986987 0.002281
699.000000 6.996997 0.002261
700.000000 7.007007 0.002241
701.000000 7.017017 0.002221
702.000000 7.027027 0.002202
703.000000 7.037037 0.002183
704.000000 7.047047 0.002164
705.000000 7.057057 0.002145
706.000000 7.067067 0.002126
707.000000 7.077077 0.002107
708.000000 7.087087 0.002088
709.000000 7.097097 0.002070
710.000000 7.107107 0.002052
711.000000 7.117117 0.002034
712.000000 7.127127 0.002017
713.000000 7.137137 0.001999
714.000000 7.147147 0.001982
715.000000 7.157157 0.001964
716.000000 7.167167 0.001947
717.000000 7.177177 0.001930
718.000000 7.187187 0.001914
719.000000 7.197197 0.001897
720.000000 7.207207 0.001880
721.000000 7.217217 0.001864
722.000000 7.227227 0.001848
723.000000 7.237237 0.001833
724.000000 7.247247 0.001817
725.000000 7.257257 0.001801
726.000000 7.267267 0.001786
727.000000 7.277277 0.001770
728.000000 7.287287 0.001755
729.000000 7.297297 0.001740
730.000000 7.307307 0.001725
731.000000 7.317317 0.001710
732.000000 7.327327 0.001696
733.000000 7.337337 0.001681
734.000000 7.347347 0.001667
735.000000 7.357357 0.001653
736.000000 7.367367 0.001639
737.000000 7.377377 0.001625
738.000000 7.387387 0.001611
739.000000 7.397397 0.001597
740.000000 7.407407 0.001584
741.000000 7.417417 0.001570
742.000000 7.427427 0.001557
743.000000 7.437437 0.001544
744.000000 7.447447 0.001531
745.000000 7.457457 0.001518
746.000000 7.467467 0.001506
747.000000 7.477477 0.001493
748.000000 7.487487 0.001480
749.000000 7.497497 0.001468
750.000000 7.507508 0.001455
751.000000 7.517518 0.001443
752.000000 7.527528 0.001431
753.000000 7.537538 0.001419
754.000000 7.547548 0.001408
755.000000 7.557558 0.001396
756.000000 7.567568 0.001384
757.000000 7.577578 0.001373
758.000000 7.587588 0.001361
759.000000 7.597598 0.001350
760.000000 7.607608 0.001339
761.000000 7.617618 0.001328
762.000000 7.627628 0.001317
763.000000 7.637638 0.001306
764.000000 7.647648 0.001295
765.000000 7.657658 0.001284
766.000000 7.667668 0.001274
767.000000 7.677678 0.001263
768.000000 7.687688 0.001253
769.000000 7.697698 0.001242
770.000000 7.707708 0.001232
771.000000 7.717718 0.001222
772.000000 7.727728 0.001212
773.000000 7.737738 0.001202
774.000000 7.747748 0.001192
775.000000 7.757758 0.001183
776.000000 7.767768 0.001173
777.000000 7.777778 0.001163
778.000000 7.787788 0.001154
779.000000 7.797798 0.001144
780.000000 7.807808 0.001135
781.000000 7.817818 0.001126
782.000000 7.827828 0.001117
783.000000 7.837838 0.001108
784.000000 7.847848 0.001099
785.000000 7.857858 0.001090
786.000000 7.867868 0.001081
787.000000 7.877878 0.001072
788.000000 7.887888 0.001064
789.000000 7.897898 0.001055
790.000000 7.907908 0.001047
791.000000 7.917918 0.001038
792.000000 7.927928 0.001030
793.000000 7.937938 0.001022
794.000000 7.947948 0.001013
795.000000 7.957958 0.001005
796.000000 7.967968 0.000997
797.000000 7.977978 0.000989
798.000000 7.987988 0.000981
799.000000 7.997998 0.000973
800.000000 8.008008 0.000966
801.000000 8.018018 0.000958
802.000000 8.028028 0.000950
803.000000 8.038038 0.000943
804.000000 8.048048 0.000935
805.000000 8.058058 0.000928
806.000000 8.068068 0.000921
807.000000 8.078078 0.000913
808.000000 8.088088 0.000906
809.000000 8.098098 0.000899
810.000000 8.108108 0.000892
811.000000 8.118118 0.000885
812.000000 8.128128 0.000878
813.000000 8.138138 0.000871
814.000000 8.148148 0.000864
815.000000 8.158158 0.000857
816.000000 8.168168 0.000851
817.000000 8.178178 0.000844
818.000000 8.188188 0.000837
819.000000 8.198198 0.000831
820.000000 8.208208 0.000824
821.000000 8.218218 0.000818
822.000000 8.228228 0.000811
823.000000 8.238238 0.000805
824.000000 8.248248 0.000799
825.000000 8.258258 0.000793
826.000000 8.268268 0.000786
827.000000 8.278278 0.000780
828.000000 8.288288 0.000774
829.000000 8.298298 0.000768
830.000000 8.308308 0.000762
831.000000 8.318318 0.000756
832.000000 8.328328 0.000750
833.000000 8.338338 0.000745
834.000000 8.348348 0.000739
835.000000 8.358358 0.000733
836.000000 8.368368 0.000728
837.000000 8.378378 0.000722
838.000000 8.388388 0.000716
839.000000 8.398398 0.000711
840.000000 8.408408 0.000705
841.000000 8.418418 0.000700
842.000000 8.428428 0.000695
843.000000 8.438438 0.000689
844.000000 8.448448 0.000684
845.000000 8.458458 0.000679
846.000000 8.468468 0.000674
847.000000 8.478478 0.000668
848.000000 8.488488 0.000663
849.000000 8.498498 0.000658
850.000000 8.508509 0.000653
851.000000 8.518519 0.000648
852.000000 8.528529 0.000643
853.000000 8.538539 0.000638
854.000000 8.548549 0.000634
855.000000 8.558559 0.000629
856.000000 8.568569 0.000624
857.000000 8.578579 0.000619
858.000000 8.588589 0.000615
859.000000 8.598599 0.000610
860.000000 8.608609 0.000605
861.000000 8.618619 0.000601
862.000000 8.628629 0.000596
863.000000 8.638639 0.000592
864.000000 8.648649 0.000587
865.000000 8.658659 0.000583
866.000000 8.668669 0.000579
867.000000 8.678679 0.000574
868.000000 8.688689 0.000570
869.000000 8.698699 0.000566
870.000000 8.708709 0.000561
871.000000 8.718719 0.000557
872.000000 8.728729 0.000553
873.000000 8.738739 0.000549
874.000000 8.748749 0.000545
875.000000 8.758759 0.000541
876.000000 8.768769 0.000537
877.000000 8.778779 0.000533
878.000000 8.788789 0.000529
879.000000 8.798799 0.000525
880.000000 8.808809 0.000521
881.000000 8.818819 0.000517
882.000000 8.828829 0.000513
883.000000 8.838839 0.000510
884.000000 8.848849 0.000506
885.000000 8.858859 0.000502
886.000000 8.868869 0.000498
887.000000 8.878879 0.000495
888.000000 8.888889 0.000491
889.000000 8.898899 0.000487
890.000000 8.908909 0.000484
891.000000 8.918919 0.000480
892.000000 8.928929 0.000477
893.000000 8.938939 0.000473
894.000000 8.948949 0.000470
895.000000 8.958959 0.000466
896.000000 8.968969 0.000463
897.000000 8.978979 0.000460
898.000000 8.988989 0.000456
899.000000 8.998999 0.000453
900.000000 9.009009 0.000450
901.000000 9.019019 0.000446
902.000000 9.029029 0.000443
903.000000 9.039039 0.000440
904.000000 9.049049 0.000437
905.000000 9.059059 0.000433
906.000000 9.069069 0.000430
907.000000 9.079079 0.000427
908.000000 9.089089 0.000424
909.000000 9.099099 0.000421
910.000000 9.109109 0.000418
911.000000 9.119119 0.000415
912.000000 9.129129 0.000412
913.000000 9.139139 0.000409
914.000000 9.149149 0.000406
915.000000 9.159159 0.000403
916.000000 9.169169 0.000400
917.000000 9.179179 0.000397
918.000000 9.189189 0.000394
919.000000 9.199199 0.000392
920.000000 9.209209 0.000389
921.000000 9.219219 0.000386
922.000000 9.229229 0.000383
923.000000 9.239239 0.000381
924.000000 9.249249 0.000378
925.000000 9.259259 0.000375
926.000000 9.269269 0.000372
927.000000 9.279279 0.000370
928.000000 9.289289 0.000367
929.000000 9.299299 0.000365
930.000000 9.309309 0.000362
931.000000 9.319319 0.000359
932.000000 9.329329 0.000357
933.000000 9.339339 0.000354
934.000000 9.349349 0.000352
935.000000 9.359359 0.000349
936.000000 9.369369 0.000347
937.000000 9.379379 0.000344
938.000000 9.389389 0.000342
939.000000 9.399399 0.000340
940.000000 9.409409 0.000337
941.000000 9.419419 0.000335
942.000000 9.429429 0.000332
943.000000 9.439439 0.000330
944.000000 9.449449 0.000328
945.000000 9.459459 0.000325
946.000000 9.469469 0.000323
947.000000 9.479479 0.000321
948.000000 9.489489 0.000319
949.000000 9.499499 0.000316
950.000000 9.509510 0.000314
951.000000 9.519520 0.000312
952.000000 9.529530 0.000310
953.000000 9.539540 0.000308
954.000000 9.549550 0.000306
955.000000 9.559560 0.000303
956.000000 9.569570 0.000301
957.000000 9.579580 0.000299
958.000000 9.589590 0.000297
959.000000 9.599600 0.000295
960.000000 9.609610 0.000293
961.000000 9.619620 0.000291
962.000000 9.629630 0.000289
963.000000 9.639640 0.000287
964.000000 9.649650 0.000285
965.000000 9.659660 0.000283
966.000000 9.669670 0.000281
967.000000 9.679680 0.000279
968.000000 9.689690 0.000277
969.000000 9.699700 0.000275
970.000000 9.709710 0.000273
971.000000 9.719720 0.000271
972.000000 9.729730 0.000270
973.000000 9.739740 0.000268
974.000000 9.749750 0.000266
975.000000 9.759760 0.000264
976.000000 9.769770 0.000262
977.000000 9.779780 0.000261
978.000000 9.789790 0.000259
979.000000 9.799800 0.000257
980.000000 9.809810 0.000255
981.000000 9.819820 0.000253
982.000000 9.829830 0.000252
983.000000 9.839840 0.000250
984.000000 9.849850 0.000248
985.000000 9.859860 0.000247
986.000000 9.869870 0.000245
987.000000 9.879880 0.000243
988.000000 9.889890 0.000242
989.000000 9.899900 0.000240
990.000000 9.909910 0.000238
991.000000 9.919920 0.000237
992.000000 9.929930 0.000235
993.000000 9.939940 0.000234
994.000000 9.949950 0.000232
995.000000 9.959960 0.000230
996.000000 9.969970 0.000229
997.000000 9.979980 0.000227
998.000000 9.989990 0.000226
999.000000 10.000000 0.000224
